camera_matrix:
- - 1664.0957230489971
  - 0.0
  - 946.4336117327585
- - 0.0
  - 1671.9898346937982
  - 576.0714074944927
- - 0.0
  - 0.0
  - 1.0
dist_coefs:
- - 0.15954323353805447
  - -0.40311430870454223
  - 0.011495900404045861
  - -0.0037387878644011417
  - 0.30302923639806023
rms: 1.8558075265393204
